2026101518522102016192211137154
242121618532
11
262262174181241115201526181311
41420261821961182319
81919245218202122252513111920
2426186519512201
1313222418171424
26
15851822201962528141611017826
24
1716929251423172115724
144181018972525337611619
1291013111723132215181520222215225
171032071310111491642224415222323
2424817
5211522105132624923
81526171019515418222642020231126
1320324173511232219172220945
149151221913193123315172510229247
7192513512610218
1310221719712071810
1219316261954416121922923
211182122111111982141819
572323520234242232591617179
2422241492
1322172511531214181462018222261
24
981651313212162041072426418
1058141713232413119
51220512815
2621210451549121571720523
1612102081412144571514135
91320146215442016
18211513914512
2418323211026226241211624
2482520184520181521212594821204
12211815
641221
222111
20
142617135136141062118613191218122
181421812252620122642318186
61412411
1621
24419188
720114205122421925197212314
14223232526414156256201112525
1417881220252221216192612113
2336261323211117181917714203192412
22211311718151713
26
2293
2620155129221212517
23
252418119255182117611434
6422221155785106151118197
1316225202219741193
251752251081814512192275154
174161521213
131021715102618
2111172169325151971184
2215
149211310916102314174
7182611
13217121331717152110
2066181532613
51520201221642421
813826184179122424181254202010
16102252224152220154
19193812262621187221517
818219226511
24641915225481418441715
221016217192120132322317228116
191939131817164521262522
1584520115
2118242525
564914142113531383
22261014
99177231718
267212671211165715
8222
2162411
2647222518196
191581592523241723
182414145112172451912172018
823862027202529112041115131212
131913202225
1612521242424211120328171072024
321141812219799
19963
1518152519142032615528
16110112031815
14615617266422652282511210726
2510617
227722211107262017
61101255192254923221814256
714122371719127
17192320826259711
16315178152416
2125514252624241129452417112210
19213424417161352122521
4134522162692111812
7414171426
105111162017182117
176232191410726
14162110815812268121191826
6242123236
26420212122181416122314136813923
161423121512952218920
232017122424266526719
2517157201381241711152374
11213261
9162214132641514
262616261181922612
4
26122526219196261652222022161310
1011
19108242610616252412
31824112415141816182612182639697
1017232595141861113202522221972122
4
216722923211118202421910
24121432312181313111
131021121518
1221162616712114613161322
91061072120572126223
1717721662321523318102612122
102641012
15144199251521814213235
812515192516257132114242
2613723
21162361126122420112
1519251021211232017
2426232313192212231081611
8622261651511182545
17
422492021725228
351131416165161916141812
121711224
22261818
2425872512177251017
15262017210721552431425
932631
10101310261432313
710242615
412102241223151161761618128117
1011
224242124
2022131015151214221253
442154161715268
111213
6813810212261622641013914
1113814871119176121926616163
2382114716251014241241941381913
26811145201425201525183420
121121
17251561444202623112214172673410
62362112513
8241622124159202241823
1210241615518212192521181011989
96238
2291817161842572211
23202462311201811
119141919221251226148
519215223
23719122313217841782171681414
7522
20141124
198201
232015231432221211022241011225
1105
101518266232215141310462218
151824215161819231718102191152420
5173115391797221319
10413122019
16
19392222799526420246
2671396162441814137262199
126398241242
920221213161121132215
132158281694431125106
202551720114244
3212325212351452617623724162113
41718182617202124201318142326320169
110201732711138
163
17171586161520218111517
222117142454317662419716
25122310181316116103172513142314242512
15171782
1619145
49238621208241523124
132410
201122419
112192225191726715
721267201824231
2101659
261520181
181742422231025206
816183208625261623526917152312
11208211523211411121143
21211710133222
82620
26178513202413173620116421
242614512111692361122231613131
1615137166122629191514924136
11212062415212266542
31212310625141218925439227
17162411122623517121626
22
917215133251215131335
12732141131835132461037542414
24623181971915913123185
17495232012202222711018181981724
26256184172025
2510176181915131315321111012
6287192381424242116965
25172414201983725
12141885623661525212422
181435113142023171341098165242422
26918
21411914118102
152373121687242565
2213731918231826253
121322
812211414239554
72121518
21116
192517112697114151111714
212511721214111825
15162225
1219
71821202119861376923312
71826142020516121115316208
6198225
23196252616202416221220241622151016
2681614206322292062171524
1818229251212232023
626722022617712923
149
525248120323181491218262126
6
416620224810111826115521588
21
92413252223144820
115251010211241419132216106251014
316161112122919
413319152911762412
121919102261211323
2513122231724111524201521251772641925
332114131816613412411712317
24159722101121
53625142392571615115
1172511
26192212994181425159111914
2923181322231015144
941918212310318218
23164192661519162624143124912209
81121514211410
86319251013161959111161582615
21281042518112221268181323217
14111941381111118211241537112620
254
2517261517212222014
4
1010718209
1982810918191632119
74812121822
24981116268161621161012171918
1510202313124222443201521525
24152109
242510132139
41471621981726111614
22185121124
722172262132522223726
1721914101952611824251291327
20199425261319325426
122481113112623512529143421
11122124821131
22202418209511171112112421415118
15181316144
1959169
1522171512151482210
1151626234217
1910112469
310215
41787
1025171862551741675
96212012111991312142414265310133
14192273
232313
261411262112141126
23
12162624525
1217
319253184159131523912
47161116141723
81844241146112612552617
91231063132232017134
21083191239161138
142202613
17
1921171625221614171266342651
2421269792131013212761741324178
2169
20251614122110
16419201410151353626212111423
14155
2559610141717
131010151917202214811322
6172412773126162141612319519120
25
75
217212291211262213
146
417931011712
251625
152219141112224
18
13461183224246211
16192062181413151451225122215121
17315
2525
22012411622152412
241321288261924
2526216182425121716
26112052422521088171712
2019511262616162
222512614102420249161410
962421461
10196223316251721152311512
7181132125418492214
19106184131571120811
204614992525
211721131281816162323172018
17191825252391118161962011
4156152320131342621411222082034
132651311212322622162111111181124
19811
2042041622112621
255112425862223
911274420131719202071415
231995
13265
1719163129
114251761611114
25223
315173114112017191213151220621241424
2326912214725254211781821113
2537322159141381124910
9115252157102014525222521
1072182414151681716
12510262210182519223
21241161131515
212522
6312191641424
1811520236102020211717162515143
232118222094141823166524242621111
1192624
424211613221081021920315216
1720208816541319325127131
20318121014151311321266251
1
211616196131220919
202061622510123166225
16752161225241611610212010161426
91725634213141225722
313195912251862292325326168113
1925116924397713
1019228710914172362615
24
81818161423821520211219
196
21111622
2914142
151323262132411719153202222432210
162426311203222324
1571121
1229225232210217201426
2217258209181920
5611419171326261316259252119
1924162525
131311292352713192522229
9191619162124
215151227201526152612210
8182424412199148
241323242524247129221061111016
2211961925
9281241212369134142641
94242620111516111418101251120
326121491118614182513201322219
721225
9162474462919161523177134122420
2219211781272610152429191718
20619323102326881111213179
151522182668191720142514182415121624
11926221318157214205543104
209525851121914252015
8162151554181395247172317
189221614261494122111
19225162318221416252624
221312249476141414420261625
191413111218241910131422
7521013201717165871532613
91351572511620
72511217
23549471552
182625182101262311172417252122183
18231591714161421
12
1101120
267812
1219191951721167481952
21228221023247
20159815171722222252018
1852310723132121318262311211
13824133
24151319102213213811111713251322
261920111624
11220
22246216221310151711326262318101154
14159173191926173
148919235316311671726152015
23926313
912262545
720217192216
2410222525102020
121224178131711816
61810161202311252092312132
5
2442614911105
11122491510
242020516
162418322172521162363
1232091711
1810206
419181312101324541025696
1219
6186161222191871626111210172674
148
318
12024119311
1426122017102512526
211222181197711265619221952
7
2110261151819
45511109132551424145
241201114221413226
4
221
1914682311012368719112182610525
41520483
2112101724261515251924
218251123146721
24313313810313111410
2112325
525105206117222023
2257223125141312191814221922212116
54823
11158201125
1620111316614919518711
13196311219162102319741862011
247212171618
1514914232241214
15131317121118231344142224613182010
1913141317211291520261923226622
187152223619
16252531361881242368221291194
178521211192241710262225101718
25241512161512116239192322011
229
2552461110132121211713218316261537
311815751911523101920224234
182536421
4191419891910145415171321143725
1522582178
2126221524431122232221420251721
16247
251119122498
11241751818251261931825242
2112111817
232117181120132229135522201925
24720915
410201610182642121
815251771515
151951252317722113221921212521162
762611152115137131721241619
10229212381141312461961816
23241036176
151822201815917816417826202481
815207223162623
3620174426215826132424211222155
71312525
162524117516
1425
1712322203746513
1125
14131781931815614
1820102725921
1881
7
34
6141017201614511
1437
17242114217241813188251316
2066146141026222652012217
42182111812411151322782220
26248
821171713719141619126
13161823251271010
8612910174151618162317112542215
1322212612256
1325256
2542122113102681411152
261732112531221151821416
832625226
22102020192523111
202122
21
841542419719
23224193121519232521102215
8262421171112513192724
10231147173161421252611252222921625
82262483122524131319223231319511
135121316625
112495912252
1710151192221121625
62425
1921291418
241812811654
122610
692341210243822125214
17241614241692648121961942224
118
521248724431321141
111322236623
21726241119331814
242221614242212191225622251221120
105326516517
19
12649821681631514199151211716
211423842571751335
192142524172414251411162386101320
23202421722416
6
2020982618201920
192622242514232110114151614218620
41741231482313151219
1611101312219713218
1410103232024161219177161722941334
4522152465148122145111618123
131725272492035102091222
514165202582211171223
2122021519216
175
81985212119101218244128
212211410412241217
247123110152212252457241723132119
2115
1561172921181324171723
16102382221
11617211322645101117821262424
211924
15
26
241917811
241621
31326112520122121218
123713162151621
1519112412613177916
1720221314
717156158171515237101222192571618
824
1829325
14427183132418136
214192582521723614
119232315171118
3
2071782112325632115261615
148234
135523251922413181412219
19
196171522121462116172221714212521019
1516159181710192067912203
523222017231417203101717192324
4121519
23
7187202419142254191625191823
184221817
811520
111618
232382523144181324112511925319
4620161854412241615218
141251451721931682414
12022
131222221222318231326
1114122171314521142420212225268219
91510756612132325
121621119109318192814201125162414
8112386
718187192322
2375261723720
9192472024
12265
23122617756264111122102614
241822652116163172119951671
2626111442612318
211321818426715
1719216192521212211945261814222225
21191411151159239173145
202024231196142191415132026191421
9115205232011439
2316181022147252
6713171124624241262013142225141416
31722213554242618
23142352521361421
1021141331625182313442263113
1410251022424261915143231010
2211
1526132
9202612222411731924
19121613
251317152224217512251424262469111919
255187222519
812631411212219186
2117468132516820151725122
1672524
142311182115134232241321261132524
237251192426117122015
21412133713146619211491082220
4421108241981610714232224
101024
21521214312163102125324141125812
14141721814
2222274
4292413723861124
21141011915111141412416
7
97212519911142016626
127624
267131713194121623231319
611117236113
1163144426151212442212
23198149244415119181224162411
262219425523413984231119211712
2118256173
1161823207211951614
14121920222211723742121221
3916231726172220
221124186142015
202425221423
641131589785121024225
23237122625963192117828241517
261711312223261710412525258231010
201018198258131191915
13
91773163239219562424520161017
20122142124126139421143242126231612
191111826194
24246251151013
2618412253164
16111724131224
122693812192422181352125111413
1812147
111623998
23181016519161814112614
15221025222481224791323201910
9111122132412197920
9167122162522171474242518
4
11191642512
14201614251321226222342625222422211014
1716261726101323221512242181572275
14151722626
12320253720223812165
22312411618824
2410152162021726221472322139
1232119255169
252542241014
20121511252122322253518
12139135
12381814265133
17
9151016112513152534
141026
14141918121410181512177102281136410
249181622615205218262616212441719
102332212145232071018
51819
259514625262016
25182123
12515121621161924
171112616131810168
522202425166516
102017171719
2311423227129171586202292096
2212526132218161115108
222101421913112313171221222217
1425141071818233
123811264242016191723171445244
2172310416112623
22151449
2416131625422618182618211
8191715211198512252523256135
11512315225141814110192691415
17
2214161018148231424247201521
23149203147152625191988101421
2410226342313132526412182310
26
14823207193113
1019191319518715723
22123
1787218161213
101424238328
1617131526
161125201194
113111723419162187158
8157223313121171841313
2125223122683426410
11228111326242522
1161225
24223151824
8819131819251182166315162510
176
32672025165191621519520263
2513193193132015123661617
231213355242211616126
62125
201626718181821171652013922824
2123171211710
31044122620111923
2248195172495711413151561524
1010112359238962
13182211551125721213261825
816242412352291214320111125208423
18525126101423252119164242010611107
2424810
12201924241826132441188121912
1522171111242416812221514
114
7272611115222552511014
201124237132514117141193142418
26121812249
242191816102181185611
12138325102316175227173
54679
25199436269102610
14
131423417
10712182513418131918
121623152694167221126711113121124
10128322225262526
141027261020261416207414185962211
21154
51222016171281187
16257481625
2125191223713324517
11811114952692115716
1111781781611241933
24254251713131725724242492491117103
17151714215
1621311161625211198144212614
311205208751722141919223231162425
321219275
32016231152211036149
3116
242519623211231117
16208131792582613
2521918102417221521379222420716106
205
2978219112410221520174
19751185923413181461513691412
1713322018620323251311231872018
232426181115191722016112
920532621191221424181113221916
221756
19258119231223124722
431218255862620
1935201971517147151722011
12182224121713
213151320121816172323251949172383
1023615192125
23326208115620211723203262412162
262416171514182233122202624172212
26
173234
52612211411320261023
42171882511
4484131424231412261226
81791715
221212151112317261712812231519
19525167201152613
2181025152418262523226874178181216
14192617119231121212211825254
2481010
2019241174
11119171022
149202413169513182315111
3137
25396181212121131241413887218
203
12122416
211
413167639127222315274101712
1912191714135211449181815
11612
1415419411
20617214911102325711151424162616
4177717992426222210188205
423115183108810113
8215
131820326242112719122122122111115
122412491281510
121213121126222375326122524191315
16225711162218185327
1824617152318163
220192018253101226422232674
1
9194182513152625132251123221312202124
19102626261623151011024612132016
91792217
1598142311162520592
7891718139
3121015513523721714551011
15
3723118232056612208
51932110518199148141714818256
818242041416222511825
1118252313234
19923732621227
254
21762626242142022192382
41411242022
238116211764422119182017126
2623911813
1312112214183111733162263
24217151
1211824103
1124222271552145
620
131134
5717516513241251819
2514111454412204724124
9132123201
32418642314612111718
8121319820125211324171
1581725104216138323127813418
2611662621231017
196117122312131318152495126219
361223171116
198756238211271011
717
19119924322263212
20132102151371116261321112761115
23206415923177171910195115
1017111623221516210251581
11717719268511312127202313111814
1318231191417111131811
1191921424201019228
1211262334242366
142525132216115
191620
1025162313141820
11320101811221973214721
1261441814221120189224910112144
188914161271524
17181172120721141081063513
1261677231514222810211026
37212513922914
151725171815462182418
236131015128545218
2152373
111121265
171732120462321716
421926427222325
202416422414923117
2
11
186181035
9522
22181111819911312215
185621205211516220102185191920
11147810118514
18711
2072421395114222153196816126
617215214251015
9
5922141116
12825526242572623
132415161242468411422
1120819321724525162128179913
74199101215111422231715241222
18121012312419910261311242412
126211781714251810
1366212423153242619
154323126149201947
25262021118202065
1611151922
24164111216
2213103232319152067875
25164182224248261871118
6231020201239141026
5237
13523261312610252291621166
2220251317321723235231372624
312026813219171426520141042924
261431922141518111714146132232107
24818242115242119251532121236613
10431914171918122326216
325719131209168324262223116812
62227417526
31079122
81818416718151432613417102571126
2512111114
24111211125
820
3232372181711
25167174719925711716121251118
25737
2116715592111142212323
142192325811205622412218232468
20791832
157142412414171214918215
26207613101011688212463
1313221761713261920222162226226117
717221511418262510161252413510
826185152012221321617241610
61723
20920222292024
2661014924424111312185232
20719251422917221326142112245
112623152222
171439121012
622614242414
2162202610149910192516
26
217151821
231168820526416618126235
261111225211223172413
2621934185613720421192372025
18816202525241522245202241110122252
9202219141717424396176819
1717211123269914251379119
111521171415138202671512138112323
71524341312310221923211918819175
262410841424221423189424218
81724
7515818232621518
4151159151667246181210
12714
2620924226510877219
21152182019202610682124181922
9111514212522825164
15
1821138151212198169881513192
2142512121521
515255310251191226102024
2268
81210
1313118141219121948231761315
6725122
2035
323
216191817231422177212324524
68818510171226131281117696
9201417132224129201094262354
2422129
13181723
31110262422171191217203171712222
1151111110115813151310
1011512
132
225251189111081092414102691825
138227191723251522517
1411962225191826
14
21166615121417181812
422153316
18242110105151611111614236713921
23816610255221215153181232332
252126972112112212212131665
8
261422245201612141591871
141
787151417161326214112118
2512616167793323199231134118
2572648926241514
91215152510126192011
133131520517819213141923132682025
1273247
2420
1441720668710222516221518
18
3211541241422123124211242225
5977123117
1216916
21229104
21621
0
