1664
32
2
17280
288
6240
32
320
2
512
2
640
192
62400
4000
8
160
3200
800
12288
72
40
1600
13824
768
20
19200
2
512
192
8
240
320
24
80
3072
832
26
5
13
1
19200
4800
12
4
8
1800
6144
10752
26624
624
2
2
336
2
1440
420
180
960
64
48
936
5
160
8
480
16
64
960
240
2000
36
384
6912
1280
6
40
40
10
16
260
3
12
40
256
5120
400
40
2400
80
2
256
16
1152
4
64
720
80
64
64
9600
1536
320
16
160
48
2560
20
21760
400
320
960
16
160
576
1
14400
2
128
12800
20800
1
936
1200
52
6656
30
4608
4
1152
1920
8
750
336
3328
200
2
36
1536
40
20
160
192
2
32
8
8640
2
30
800
48
13
384
4000
7680
320
13
3328
32
768
7680
2
320
64
1920
18
5760
2
10
2
8320
1
1600
27648
120
8
2
40
768
18
1690
60
24
16000
10240
10
2
960
832
122880
8
8
96
4
16
640
40
2
8
80
2048
2100
78
2
384
21632
2560
160
640
4160
2
480
576
768
1280
32
2560
160
64
800
3072
4
54
80
320
10
52
16
8
3840
1200
20
5
160
416
6
25600
288
416
48
2
1600
1
540
2
80
7680
168
96
480
204800
4320
40
192
12
3200
160
120
6144
80
2048
9792
33600
2
512
1
2
80
26
8000
1440
4
24
480
65
1440
2304
128
3000
170
24480
32
4
400
72
10
3
2
64
4160
8
8
1300
2
40
5
256
80
720
72
36
8
2
4800
2880
3
40
2688
4
16
480
3456
2
1
975
2
12
8
420
2
108
37440
4
4
180
96
960
192
80
480
6
2880
300
64
8
6400
2560
960
429000
4
52
100
96
4
4
16
192
6
38400
10240
200
720
192
288
180
10
40
1920
20480
12
720
128
960
1
160
108
5760
240
3840
48
128
2
1248
2
26
4
18432
160
10
432
40
7680
32
960
80
864
80
3072
32
192
2400
12800
8
1280
3200
672
102400
360
128
768
1040
3840
1600
3328
128
24
16
4
49920
256
2
2
4
400
40
672
8192
8
49920
40
3
43200
128
768
8
10
30
20
624
400
1
16
26
4
800
12
2
128
5
8320
2
2
12
192
5100
1
48
64
300
1
3
1536
2
1280
120
80
16
24
367200
2
25
320
1024
64
240
33280
15360
40
2880
10080
10240
2
26112
864
8
2560
18
41600
4
50
3840
68
3840
4
40
32
124800
8000
1440
8
1024
48
6528
12
48
4
24
5
128
8
2
1
1
32
2
7680
320
2880
4
960
64
6400
130
8
840
4992
12
48
5
2
16
4800
1280
72000
23040
40
25
816
4
24
24
5
192
6400
3
100
50
240
166400
8
2
4608
80
15360
72
1
8
23040
480
384
2560
4800
80
520
54
2
520
525
24960
5
960
20
9000
10
2
2
16
8
1100
144
480
20
13312
2
4
64
288
240
1
1280
4
3072
2
166400
128
2048
10
2
3072
20
3
10
15360
240
576
2
4608
124800
40
12800
5
32
16
8
5
2080
2400
240
120
274560
1200
9216
18
80
38400
128
192
2880
768
5
8
312
20
192000
40
408
960
8
144000
576
1200
320
2
24000
48
8
40
2880
1
200
4
2560
48
960
7680
8000
20
240
8820
64
104
40
72
3200
9216
192
2
384
96000
64
48
40
200
25000
10
10
1280
1600
340
2560
1
40
256000
38400
48
90
108
3600
60
24
2000
10
48
2
160
4
9600
23040
104
4
32
20
600
256
32
16
384
1600
64080
64
3840
120
10
4608
5120
6912
2
2560
1024
1920
2
24
128
8
60
8
32
30
720
768
150
400
15
48
2304
2
384
768
960
5
2560
80
50
2304
10
10240
6240
3840
4
7680
13520
3
320
11520
50
432
320
1
16
2
16
320
108160
128
640
5
72
16
400
480
320
20480
48
19200
5760
8
72
3
640
64
7200
1
150
1536
1280
1920
16000
5
720
20
256
250
15360
40
2400
46080
2
4
312
24
800
8
87040
96
23040
55296
2
12
32
768
2
7920
1
26
3
320
3200
6
16
7680
160
36
3
157920
60
135200
300
128
400
1
192000
2560
10
80
8
192
2
24
1024
480
80
40
2
720
20
2880
24
4080
12
16
150
1
6
192
240
10
416
600
768
120
21600
50
40
2
180
9600
384
800
14400
3072
144
104
240
4
64
468
5760
64
240
576
40
768
48
6
34
96
60
144
1
2
4
2
1920
480
30
4
1728
72
1
25
128
576
1152
10000
5760
240
320
48
32
40
52
80
1600
24
2
1920
3072
384
19200
41600
960
1920
12
3
5120
68
110
1
48
7680
2
2080
4608
2
2880
60
115200
5760
2496
4
10
800
8320
100
16
48
96
2
24
288
4368
480
15360
320
2496
40000
9600
1920
4
96
192
4
36
2400
400
2
4160
156
240
3
2
9600
6
1
2
9600
400
320
10
16
19200
576
6
2
1152
768
240
2
800
10
6656
2496
19740
1
800
2
2496
1728
64
240
6144
4
2
400
2
28800
9
10
5
6
